H LIFS790101
0.92 0.93 0.60 0.48 1.16 0.95 0.61 0.61 0.93 1.81
1.30 0.70 1.19 1.25 0.40 0.82 1.12 1.54 1.53 1.81
H TSAJ990101
89.3 190.3 122.4 114.4 102.5 146.9 138.8 63.8 157.5 163.0
163.1 165.1 165.8 190.8 121.6 94.2 119.6 226.4 194.6 138.2
H MAXF760101
1.43 1.18 0.64 0.92 0.94 1.22 1.67 0.46 0.98 1.04
1.36 1.27 1.53 1.19 0.49 0.70 0.78 1.01 0.69 0.98
H BIOV880101
16. -70. -74. -78. 168. -73. -106. -13.  50. 151.
145. -141. 124. 189. -20. -70. -38. 145.  53. 123.
H CEDJ970104
7.9  4.9  4.0  5.5  1.9  4.4  7.1  7.1  2.1  5.2
8.6  6.7  2.4  3.9  5.3  6.6  5.3  1.2  3.1  6.8
H BLAM930101
0.96 0.77 0.39 0.42 0.42 0.80 0.53 0.00 0.57 0.84
0.92 0.73 0.86 0.59 -2.50 0.53 0.54 0.58 0.72 0.63
H MIYS990104
-0.04 0.07 0.13 0.19 -0.38 0.14 0.23 0.09 -0.04 -0.34
-0.37 0.33 -0.30 -0.38 0.19 0.12 0.03 -0.33 -0.29 -0.29
H NAKH920108
9.36 0.27 2.31 0.94 2.56 1.14 0.94 6.17 0.47 13.73
16.64 0.58 3.93 10.99 1.96 5.58 4.68 2.20 3.13 12.43
