H CIDH920105
0.02 -0.42 -0.77 -1.04 0.77 -1.10 -1.14 -0.80 0.26 1.81
1.14 -0.41 1.00 1.35 -0.09 -0.97 -0.77 1.71 1.11 1.13
H BHAR880101
0.357 0.529 0.463 0.511 0.346 0.493 0.497 0.544 0.323 0.462
0.365 0.466 0.295 0.314 0.509 0.507 0.444 0.305 0.420 0.386
H CHAM820101
0.046 0.291 0.134 0.105 0.128 0.180 0.151 0.000 0.230 0.186
0.186 0.219 0.221 0.290 0.131 0.062 0.108 0.409 0.298 0.140
H CHAM820102
-0.368 -1.03 0. 2.06 4.53 0.731 1.77 -0.525 0. 0.791
1.07 0. 0.656 1.06 -2.24 -0.524 0. 1.60 4.91 0.401
H CHOC760101
115. 225. 160. 150. 135. 180. 190. 75. 195. 175.
170. 200. 185. 210. 145. 115. 140. 255. 230. 155.
H BIGC670101
52.6 109.1 75.7 68.4 68.3 89.7 84.7 36.3 91.9 102.0
102.0 105.1 97.7 113.9 73.6 54.9 71.2 135.4 116.2 85.1
H CHAM810101
0.52 0.68 0.76 0.76 0.62 0.68 0.68 0.00 0.70 1.02
0.98 0.68 0.78 0.70 0.36 0.53 0.50 0.70 0.70 0.76
H DAYM780201
100. 65. 134. 106. 20. 93. 102. 49. 66. 96.
40. 56. 94. 41. 56. 120. 97. 18. 41. 74.
H LIFS790101
0.92 0.93 0.60 0.48 1.16 0.95 0.61 0.61 0.93 1.81
1.30 0.70 1.19 1.25 0.40 0.82 1.12 1.54 1.53 1.81
H TSAJ990101
89.3 190.3 122.4 114.4 102.5 146.9 138.8 63.8 157.5 163.0
163.1 165.1 165.8 190.8 121.6 94.2 119.6 226.4 194.6 138.2
H MAXF760101
1.43 1.18 0.64 0.92 0.94 1.22 1.67 0.46 0.98 1.04
1.36 1.27 1.53 1.19 0.49 0.70 0.78 1.01 0.69 0.98
H BIOV880101
16. -70. -74. -78. 168. -73. -106. -13.  50. 151.
145. -141. 124. 189. -20. -70. -38. 145.  53. 123.
H CEDJ970104
7.9  4.9  4.0  5.5  1.9  4.4  7.1  7.1  2.1  5.2
8.6  6.7  2.4  3.9  5.3  6.6  5.3  1.2  3.1  6.8
H BLAM930101
0.96 0.77 0.39 0.42 0.42 0.80 0.53 0.00 0.57 0.84
0.92 0.73 0.86 0.59 -2.50 0.53 0.54 0.58 0.72 0.63
H MIYS990104
-0.04 0.07 0.13 0.19 -0.38 0.14 0.23 0.09 -0.04 -0.34
-0.37 0.33 -0.30 -0.38 0.19 0.12 0.03 -0.33 -0.29 -0.29
H NAKH920108
9.36 0.27 2.31 0.94 2.56 1.14 0.94 6.17 0.47 13.73
16.64 0.58 3.93 10.99 1.96 5.58 4.68 2.20 3.13 12.43
